760
731
746
770
758
781
718
734
759
770
792
770
736
749
837
854
827
815
744
785
764
786
783
750
734
721
788
1261
1002
928
859
848
811
789
810
816
904
952
839
833
865
921
897
833
817
801
892
955
976
950
925
888
809
779
765
821
843
892
868
860
826
780
764
805
837
751
748
716
689
678
678
705
758
993
933
866
815
819
794
806
756
744
735
759
902
977
933
894
862
839
773
773
795
806
807
802
807
799
775
746
734
731
735
813
844
965
939
922
874
849
795
808
802
798
800
740
735
756
772
843
829
852
781
777
802
816
793
851
751
756
785
802
823
814
776
752
797
855
899
943
818
745
748
748
994
982
965
921
858
827
821
848
861
865
781
783
823
868
843
823
823
756
786
833
862
844
795
749
755
773
816
821
813
756
805
880
849
869
826
758
772
801
848
810
772
745
767