613
654
1189
938
873
871
869
815
779
716
674
626
635
1120
925
882
802
765
760
831
915
929
896
856
836
822
807
778
732
696
647
688
1034
859
836
858
815
755
725
717
725
801
950
955
930
900
863
840
818
778
743
731
737
802
1063
950
919
891
848
823
791
771
752
719
700
661
681
1129
933
938
916
890
848
838
832
806
773
751
729
709
675
671
1159
927
810
752
737
755
862
998
890
844
812
776
749
725
682
660
629
723
1190
999
955
930
828
788
829
943
925
875
823
784
743
736
727
728
762
792
870
866
833
804
758
731
724
688
654
656
850
894
841
814
786
759
721
713
676
689
694
766
1097
929
896
852
820
764
752
751
728
678