748
738
704
711
736
737
744
727
705
729
734
755
736
729
685
681
686
705
717
745
785
752
782
818
771
509
926
724
731
747
730
721
691
703
715
746
758
785
738
768
780
803
823
764
768
766
764
807
798
755
741
750
761
807
800
768
787
810
834
785
760
763
765
773
777
744
734
762
797
831
833
798
797
849
873
866
818
774
790
781
801
796
759
747
764
786
831
811
779
807
848
843
834
794
768
782
762
771
782
780
762
762
775
771
774
749
763
771
812
817
769
765
793
781
820
771
765
793
818
818
769
763
757
760
788
775
747
723
749
782
793
781
727
726
722
717
710
720
711
700
720
735
756
758
746
720
740
749
749
772
754
733
750
784
810
808
787
739
735
736
745
750
745
730
745
777
794
779
733
715
734
757
782
785
751
746
766
794
798
792
747
717
742
772
780
799
766
736
771
771
772
775
745
723
743
777
798
766